       0       0       0  400265       0  200258  199279  121716  100569  100119   99531 1000001  500009 1000001  168108   99979
 1000001       0       0       0       0  399478   99991  122142  100456  100172  100089       0  499992       0  167339   99383
       0       0       0       0       0       0  199827  114776  100836  100536   99850       0       0       0  168396  100410
       0 1000001       0       0       0       0  200578   91585  100765   99861  100088       0       0       0  166228  100201
       0       0       0       0       0       0       0   92020  100796   99953  100244       0       0       0  164377  100501
       0       0       0  599736  799743  300374       0   91303  100794   99957  100006       0       0       0  165553  100113
       0       0       0       0  200258   99891       0   91832  100440  100198  100510       0       0       0       0   99995
       0       0       0       0       0       0  100383   91405  100042   99339  100030       0       0       0       0   99346
       0       0       0       0       0       0   99875   91629   97450   99977   99883       0       0       0       0   99742
       0       0 1000001       0       0       0  100068   91593   97853   99889   99770       0       0       0       0  100331
